100
835 870
597 816
985 697
325 383
466 452
717 362
344 38
188 862
603 982
361 89
880 621
942 294
925 629
136 709
163 943
871 997
164 467
812 501
516 488
235 333
291 951
694 634
340 881
495 294
214 855
383 445
476 324
739 752
952 874
812 466
169 682
814 684
500 978
536 15
465 770
347 108
73 392
741 412
624 588
58 837
794 440
282 621
115 372
372 419
597 535
884 765
568 698
801 68
675 336
434 491
458 133
950 530
524 691
293 148
630 350
336 423
141 969
44 256
340 767
26 937
654 261
53 221
958 205
288 984
541 722
827 998
206 128
879 729
170 171
228 799
521 564
222 661
884 617
268 224
383 293
512 36
554 564
609 863
769 896
199 661
969 377
10 174
504 888
255 674
58 482
824 930
397 45
943 281
13 210
856 748
855 367
135 760
282 743
974 402
639 172
414 959
900 423
485 756
662 91
781 72